261.58013916 64.2849884033
226.964447021 73.3310623169
278.994689941 64.3903961182
244.401489258 72.6998443604
296.45513916 64.4621582031
261.691864014 72.518989563
313.676727295 64.5812149048
279.121887207 72.2216567993
331.137573242 64.7186813354
296.451263428 71.6760406494
348.209381104 64.8803634644
313.468811035 71.5259857178
365.226318359 64.9107971191
330.545623779 71.0162506104
382.284362793 65.1396102905
347.559082031 70.5883255005
399.258972168 65.3046798706
364.623748779 70.4011154175
416.019012451 65.3906097412
381.561828613 69.8185119629
261.787414551 81.7676391602
227.572723389 90.5547561646
279.356872559 81.8193664551
245.289215088 90.3717727661
296.609100342 81.9624404907
262.474914551 89.6491241455
314.211761475 82.0729904175
279.915588379 89.4895477295
331.275177002 82.3462295532
297.119659424 89.1253356934
348.405395508 82.3623733521
314.297790527 88.5597229004
365.299560547 82.4507598877
331.194000244 88.4406890869
382.46661377 82.3590621948
348.373657227 87.6893157959
399.362884521 82.4711151123
365.308929443 87.5369644165
416.32699585 82.5550079346
382.377746582 87.021156311
262.361358643 99.2190628052
228.510543823 107.678070068
279.552978516 99.3973770142
245.67276001 107.43711853
297.14743042 99.4026870728
263.294281006 106.989112854
314.257568359 99.479309082
280.520874023 106.586715698
331.553039551 99.5098419189
297.781219482 106.354507446
348.523468018 99.5280990601
314.726409912 105.892402649
365.614105225 99.4947967529
331.967224121 105.439582825
382.526000977 99.5316848755
349.027404785 104.924194336
399.639251709 99.5465698242
366.003417969 104.475593567
416.411224365 99.5996017456
382.771026611 104.291481018
262.516021729 116.681159973
229.330856323 125.311408997
279.939575195 116.659851074
246.539367676 124.597076416
297.173156738 116.756347656
263.956176758 124.397956848
314.587188721 116.717224121
281.362487793 123.636047363
331.689422607 116.981124878
298.474029541 123.488693237
348.810211182 116.718299866
315.552856445 123.006355286
365.703979492 116.78767395
332.561889648 122.567321777
382.842346191 116.63205719
349.721374512 122.017326355
399.754638672 116.801963806
366.606719971 121.576637268
416.603057861 116.663017273
383.56539917 121.268890381
263.061065674 133.656021118
230.235183716 141.92980957
280.306854248 133.582885742
247.427307129 141.421478271
297.665100098 133.464126587
264.833404541 140.924926758
314.685852051 133.626815796
282.153717041 140.43812561
332.216339111 133.488174438
299.420227051 140.197494507
349.001922607 133.531600952
316.346038818 139.551239014
366.1847229 133.387908936
333.475341797 139.161697388
382.834320068 133.53692627
350.313232422 138.560623169
400.093658447 133.344741821
367.438964844 138.238555908
416.571228027 133.490127563
384.214019775 137.576980591
263.274200439 151.118804932
230.713653564 159.301483154
280.723266602 150.988342285
248.342483521 158.577926636
297.737457275 150.930435181
265.52532959 158.261657715
315.355194092 150.837265015
283.002258301 157.619888306
332.227508545 150.873672485
300.091796875 157.351959229
349.475219727 150.665878296
317.272918701 156.529067993
366.236846924 150.65826416
334.040466309 156.343078613
383.328796387 150.396057129
351.120025635 155.391220093
400.201507568 150.480758667
368.031524658 155.294158936
417.307403564 150.302459717
385.131347656 154.412841797
263.717102051 168.466369629
231.614868164 176.508255005
280.646179199 168.489974976
248.914138794 175.955703735
298.373809814 168.329406738
266.413146973 175.450012207
315.311035156 168.351882935
283.500823975 174.748535156
332.68536377 168.095245361
300.763885498 174.367462158
349.359069824 168.185531616
317.51461792 173.953826904
366.498291016 167.575241089
334.680480957 173.235961914
383.380737305 167.651641846
351.603363037 172.661010742
400.453369141 167.462127686
368.72253418 172.01348877
417.207366943 167.4793396
385.485168457 171.588287354
---
264.52947998 22.164937973
229.461761475 31.5422058105
280.935546875 28.4099655151
245.86138916 37.2491531372
297.30279541 34.3776283264
262.389099121 42.6431121826
313.523101807 40.5540390015
278.674194336 48.3727378845
329.596588135 46.5910491943
295.040588379 54.0230827332
345.626647949 52.6163063049
311.251800537 59.5339851379
361.600799561 58.6042327881
327.277160645 64.2736740112
377.520629883 64.0851974487
343.442260742 69.7797546387
393.484405518 70.1359405518
359.498657227 75.3125457764
409.19744873 75.9600296021
375.50793457 80.7066040039
259.172088623 39.3646697998
224.69442749 48.6280899048
275.43057251 45.4032516479
240.980392456 54.1599655151
291.601196289 51.5125389099
257.441131592 59.6955528259
307.817932129 57.533782959
273.654815674 64.7621078491
323.927154541 63.0200424194
289.842926025 70.3525085449
339.82208252 68.9890289307
306.087554932 75.7324981689
355.603851318 74.8318405151
321.928436279 81.0687637329
371.515472412 80.8104095459
338.00869751 86.614440918
387.237579346 86.7109375
354.010070801 92.0074310303
402.942687988 92.5431594849
369.93649292 97.4031600952
253.926300049 56.2631263733
220.012237549 65.0384750366
269.935882568 62.2664375305
236.371902466 70.5149154663
286.080841064 67.6499023438
252.594543457 75.8510360718
302.203369141 73.6550216675
268.787017822 81.465965271
318.173034668 79.6314620972
284.97253418 86.9630050659
333.945739746 85.5412368774
300.878204346 92.4234008789
349.708709717 91.3783111572
316.805847168 97.6818771362
365.481201172 97.27784729
332.812347412 103.078559875
381.201202393 103.028533936
348.636566162 108.470474243
396.718261719 108.884414673
364.607574463 113.771636963
248.559188843 72.5023956299
215.563415527 81.783782959
264.518127441 78.4295883179
231.583068848 87.1553955078
280.658294678 84.4283905029
247.839706421 92.5488510132
296.578186035 90.2732849121
263.944061279 98.0138320923
312.521820068 96.2870559692
280.001708984 103.535972595
328.378051758 102.0417099
296.008728027 108.953483582
343.867279053 107.739982605
311.823028564 114.166137695
359.598571777 113.518760681
327.617645264 119.504302979
375.107574463 119.35849762
343.559417725 124.929885864
390.67880249 124.920013428
359.168029785 129.55506897
243.462036133 88.8368911743
210.969039917 98.0338973999
259.396453857 94.7203979492
227.170501709 103.581069946
275.472869873 100.638404846
243.408691406 108.967391968
291.257904053 106.560417175
259.355285645 114.312149048
307.007843018 112.365379333
275.387695312 119.774940491
322.65234375 118.142875671
291.183685303 124.871551514
338.384216309 123.789596558
306.914733887 129.745956421
353.72088623 128.977966309
322.567443848 134.976699829
369.3515625 134.704467773
338.40625 140.293365479
384.624633789 140.441009521
353.84262085 145.532318115
238.234558105 105.346702576
206.590576172 114.519821167
254.259719849 111.117095947
222.652557373 119.972923279
270.039001465 116.788475037
238.628692627 125.113342285
285.911895752 122.704826355
254.648376465 129.954528809
301.513122559 128.000686646
270.532989502 135.388336182
317.162109375 133.828353882
286.382965088 140.589996338
332.540740967 139.373794556
301.908843994 145.729949951
348.067596436 144.817489624
317.554077148 150.945205688
363.449676514 150.535049438
333.153961182 156.179641724
378.96862793 155.969680786
348.694976807 161.148742676
233.228103638 121.512062073
202.314910889 130.254959106
248.90007019 126.714569092
218.199920654 135.486053467
264.928131104 132.5259552
234.337860107 140.930587769
280.513397217 138.213119507
249.947784424 145.928588867
296.324005127 143.914718628
265.777923584 151.207473755
311.530944824 149.538818359
281.438934326 156.475860596
327.052032471 155.00617981
297.020843506 161.559341431
342.371002197 160.621047974
312.582305908 166.64994812
357.652404785 165.904769897
328.156646729 171.839202881
372.916168213 171.63053894
343.559326172 176.786437988
---
243.555389404 153.247192383
181.37437439 162.320587158
271.703704834 152.603225708
209.457855225 160.873474121
299.945587158 152.067657471
237.508895874 159.506790161
328.234558105 151.553314209
265.609832764 158.488265991
356.336853027 150.913070679
293.62713623 157.343475342
384.296203613 150.548309326
321.498474121 155.728591919
412.350280762 149.469116211
349.475128174 154.47555542
440.48538208 148.812316895
377.467590332 153.059051514
468.698364258 148.343063354
405.751312256 151.507873535
496.629547119 147.513946533
433.875518799 150.301712036
243.123382568 178.322097778
179.669128418 187.300872803
271.82434082 177.534698486
208.534713745 185.624801636
300.432189941 177.018875122
237.275299072 184.523132324
329.382598877 176.418945312
265.856567383 183.247695923
357.963928223 175.730072021
294.47668457 181.807678223
386.470550537 175.308425903
323.120574951 180.493637085
414.99041748 174.509368896
351.348266602 179.44354248
443.819976807 173.544937134
380.077819824 177.447525024
472.435638428 173.354553223
408.557891846 176.464752197
501.197265625 172.499572754
437.506256104 174.664077759
242.514007568 203.508621216
178.411499023 212.520050049
271.683685303 202.936172485
207.526855469 210.980560303
301.23147583 202.331115723
236.687698364 209.504592896
330.399932861 201.554275513
266.159667969 208.457702637
359.619415283 201.101806641
295.380523682 207.07850647
388.628082275 200.477279663
324.333221436 205.558074951
417.795654297 199.498138428
353.293182373 204.31427002
447.239715576 198.922210693
382.464294434 202.612350464
476.510528564 198.432037354
411.716888428 201.502716064
505.570587158 197.566146851
441.030426025 200.054351807
242.121520996 230.48638916
176.609970093 239.522079468
271.8019104 229.796356201
206.480911255 237.872802734
301.678375244 229.35609436
236.490402222 236.496276855
331.577758789 228.475402832
266.32598877 235.271575928
361.481262207 227.981750488
296.258361816 233.618331909
391.127838135 227.381164551
325.58001709 232.466171265
420.740661621 226.497314453
355.340545654 230.849868774
450.705413818 225.572845459
385.015869141 229.403747559
480.615722656 225.336105347
415.040649414 228.20552063
510.366516113 224.459472656
444.715606689 226.506256104
241.504516602 257.822662354
175.334945679 266.610931396
271.924255371 257.192718506
205.549545288 265.384094238
302.438476562 256.412322998
236.246871948 263.507995605
332.899597168 255.663101196
266.544891357 262.406158447
363.364685059 255.286819458
297.101531982 260.793243408
393.509277344 254.54901123
327.313690186 259.539245605
423.991149902 253.520446777
357.417266846 257.705383301
454.463104248 253.50553894
387.737487793 256.551208496
484.934051514 252.605300903
418.396209717 255.389511108
515.252441406 252.453399658
448.898681641 253.880371094
240.717605591 287.288513184
173.450805664 295.824737549
271.985076904 286.43536377
204.455215454 294.483642578
303.22354126 285.5519104
235.595184326 292.678619385
334.208557129 284.824035645
266.724914551 291.51461792
365.341186523 284.492614746
297.93536377 290.043060303
396.324493408 283.513580322
328.649108887 288.506713867
427.249328613 282.736633301
359.561309814 287.042236328
458.479705811 281.832794189
390.625030518 285.448120117
489.66973877 281.370666504
422.065948486 283.76373291
520.874450684 280.458129883
453.34564209 282.406524658
240.123794556 317.470916748
171.404434204 325.926574707
271.946868896 316.493927002
203.234313965 324.44934082
303.715698242 316.057495117
235.248321533 322.625427246
335.622192383 315.404510498
267.007720947 321.452209473
367.432312012 314.506103516
298.602325439 319.693908691
399.090179443 313.98828125
330.46206665 318.5050354
430.599700928 313.313476562
361.872833252 316.591949463
462.478851318 312.560394287
393.731811523 315.738006592
494.374053955 311.524536133
425.633178711 314.472930908
525.912353516 310.776489258
457.552734375 312.814544678
---
278.514465332 171.656890869
221.399688721 179.56489563
302.53994751 163.120483398
244.22769165 170.525909424
327.542266846 154.213851929
267.530792236 161.047866821
353.129302979 145.219451904
291.995300293 151.412796021
379.489990234 135.823745728
316.731414795 141.634902954
406.562805176 126.504493713
342.350036621 131.42678833
434.364105225 116.647842407
368.484466553 121.032722473
463.19229126 106.498291016
395.670593262 110.213523865
492.741394043 95.8718185425
423.951416016 98.6680603027
522.780151367 85.4354248047
452.777679443 87.0683517456
281.487609863 193.698318481
223.388626099 201.489654541
306.395843506 185.808456421
246.582397461 192.493606567
331.659393311 177.158920288
270.713500977 183.845092773
358.174835205 168.009567261
295.52557373 174.195098877
384.78717041 159.101867676
321.177276611 164.430480957
412.961273193 149.444747925
347.404663086 154.26776123
441.39050293 139.620010376
374.059234619 143.824783325
471.177154541 129.403030396
402.359863281 132.770935059
501.483123779 119.65802002
431.393096924 122.108985901
532.574401855 108.949462891
461.186431885 110.36366272
285.11932373 216.900695801
225.487991333 224.739318848
310.176879883 208.892623901
249.439041138 215.987686157
336.406280518 200.110275269
274.089752197 206.713638306
363.291534424 191.447525024
299.54876709 197.302307129
391.018951416 182.791641235
325.57711792 188.254425049
419.354064941 173.69190979
352.505004883 178.239807129
448.705963135 163.731582642
380.300384521 167.660598755
479.333129883 153.848999023
408.956298828 157.030212402
510.604400635 143.599075317
438.997558594 145.713973999
542.791625977 133.072677612
469.710113525 134.485549927
288.459075928 241.638504028
227.799438477 249.20262146
314.332244873 233.461532593
252.376068115 240.459182739
341.149139404 225.050079346
277.574707031 231.401580811
368.619873047 216.45980835
303.638763428 222.237060547
397.177734375 207.721740723
330.484741211 212.747955322
426.453826904 198.391113281
358.205810547 202.965698242
456.745452881 189.417236328
386.590026855 192.644775391
488.023101807 179.509429932
416.327728271 182.409545898
520.410827637 169.529602051
447.146484375 171.572296143
553.370483398 159.228897095
478.838195801 159.987487793
292.035430908 266.424255371
230.289840698 273.945159912
318.480865479 258.626190186
255.441314697 265.322296143
345.885070801 250.632278442
281.376403809 256.453643799
374.376403809 242.475387573
307.98046875 247.992492676
403.639068604 233.721618652
335.593566895 238.632247925
433.735198975 225.065261841
363.901245117 229.147323608
464.80859375 215.543151855
393.340026855 219.056564331
497.214996338 205.980682373
423.674102783 208.78477478
530.564758301 196.283966064
455.737548828 197.826797485
564.497924805 186.646209717
488.473876953 187.412368774
295.678283691 293.233825684
232.527496338 300.742553711
322.974029541 285.443359375
258.386444092 292.313568115
351.214630127 277.64944458
285.145111084 283.564239502
380.344604492 269.395477295
312.491790771 274.716674805
410.475921631 261.196350098
340.984741211 265.74798584
441.565917969 253.057449341
370.236480713 256.282440186
473.537841797 243.987503052
400.50894165 247.046157837
506.962097168 234.446029663
431.799682617 236.628692627
541.194396973 224.517028809
464.664550781 226.07258606
576.382324219 214.284393311
498.60635376 215.038269043
299.509033203 321.01272583
234.979598999 328.403167725
327.546295166 314.008392334
261.537841797 320.081237793
356.508666992 306.360198975
288.989349365 312.353820801
386.553222656 298.493682861
317.361419678 303.735900879
417.575805664 290.423980713
346.45489502 294.714263916
449.562255859 282.096954346
376.631134033 285.747344971
482.623596191 273.353759766
407.921600342 276.21963501
516.931396484 263.987915039
440.524902344 266.199371338
552.45123291 254.546890259
474.365783691 255.750320435
588.539855957 245.009521484
509.448120117 245.742950439
---
236.863449097 181.702316284
177.756729126 190.506011963
264.236968994 181.515792847
205.349121094 189.488586426
291.385620117 181.174865723
232.43548584 188.513595581
318.461486816 180.647399902
259.635467529 187.595367432
345.570343018 180.409805298
286.587280273 186.543014526
372.622955322 179.882553101
313.566894531 185.51612854
399.679656982 179.395126343
340.53515625 184.38470459
426.74432373 178.651382446
367.510040283 183.076278687
454.145202637 178.301086426
394.7371521 181.516159058
481.091827393 177.481933594
421.791748047 180.511734009
234.671585083 198.612411499
173.569152832 207.569824219
262.983032227 198.490585327
201.75491333 206.495880127
291.364471436 197.840011597
229.913833618 205.48248291
319.531829834 197.454910278
258.317840576 204.406921387
347.534088135 197.20954895
286.299133301 203.495620728
375.635894775 196.557861328
314.322113037 202.365142822
403.566436768 196.156097412
342.231109619 200.798278809
431.922271729 195.448791504
370.266326904 199.49256897
460.065093994 195.149490356
398.418395996 198.508270264
488.32144165 194.420318604
426.548339844 197.035507202
232.516983032 217.509780884
168.680114746 226.540786743
261.939758301 217.051528931
198.022674561 225.4871521
291.281219482 216.510559082
227.455078125 224.423431396
320.452697754 216.286437988
256.63949585 223.086242676
349.68762207 215.593887329
285.862426758 221.56817627
378.754730225 215.357940674
314.779541016 220.583953857
407.922790527 214.522644043
343.813690186 219.431793213
437.083374023 213.999740601
373.157531738 218.021621704
466.516235352 213.442367554
402.247711182 216.480422974
495.621704102 212.794616699
431.48638916 215.44593811
230.293563843 237.653335571
163.588943481 247.019226074
260.614044189 237.467315674
194.170303345 245.50958252
291.250305176 236.611587524
224.580795288 244.44354248
321.565338135 236.28364563
254.963973999 243.07913208
352.103790283 235.71824646
285.512573242 241.741867065
382.241363525 235.345199585
315.542266846 240.508682251
412.568206787 234.482086182
345.711212158 239.476776123
442.887176514 233.741821289
376.035308838 237.493103027
473.519836426 233.428894043
406.537597656 236.521148682
503.65838623 232.590896606
436.909851074 235.325637817
227.579116821 259.083648682
158.212051392 268.486968994
259.4815979 258.489990234
189.766479492 266.855163574
291.162261963 257.751525879
221.581039429 265.533782959
322.906677246 257.411773682
253.370758057 264.402587891
354.515808105 256.742156982
285.073059082 262.744384766
385.922973633 256.465332031
316.438171387 261.544403076
417.456634521 255.496887207
347.755096436 259.980865479
449.181182861 255.200454712
379.417877197 258.664611816
480.889434814 254.551208496
410.968688965 257.395019531
512.240966797 254.130218506
442.622894287 256.310638428
224.826690674 282.798553467
152.045501709 292.322814941
258.039703369 282.379455566
185.260757446 290.55480957
291.281890869 281.495361328
218.39414978 289.461608887
324.33795166 281.05569458
251.49961853 287.680603027
357.304138184 280.524475098
284.550628662 286.478759766
390.12109375 279.646392822
317.333374023 285.300445557
422.8699646 279.554382324
350.190551758 283.624908447
456.214172363 278.465087891
382.909851074 281.675933838
489.361999512 277.471923828
416.381439209 280.518585205
522.268554688 276.472564697
449.350219727 278.46270752
221.5496521 308.737243652
145.298950195 317.555053711
256.435302734 308.195709229
179.867202759 316.441772461
291.172943115 307.501342773
214.490386963 315.32119751
325.601654053 306.739929199
249.468307495 313.601165771
360.249786377 306.444946289
283.72479248 312.490600586
394.522491455 305.568908691
318.269561768 310.646850586
428.999664307 305.016601562
352.417114258 309.433868408
463.495819092 304.444274902
387.129272461 307.702148438
498.168029785 303.464477539
421.622406006 306.281982422
532.373046875 302.566162109
456.428649902 304.658966064
---
214.316421509 38.5030326843
138.731079102 50.4884796143
246.441390991 37.9725761414
169.953964233 48.6294441223
278.764648438 37.5265846252
201.826431274 47.3825416565
311.486053467 37.1925926208
234.057235718 45.6527442932
344.390655518 36.6116218567
266.354736328 44.5481033325
377.051879883 36.4410667419
298.547393799 43.3267097473
410.004058838 35.7716636658
331.270935059 41.5331382751
443.121826172 35.5228004456
364.007141113 40.4662475586
476.413848877 35.3922996521
397.250366211 38.7793502808
509.331542969 35.4319839478
430.306060791 37.5243415833
218.465591431 69.0722808838
146.791275024 80.3800125122
249.564437866 68.5612564087
177.250091553 78.7228393555
280.719055176 68.4778900146
207.729980469 77.512550354
312.385040283 68.3450775146
238.786727905 76.4469223022
343.875457764 67.6940689087
269.950286865 75.4884872437
375.511627197 67.4955444336
301.293457031 74.1547698975
407.172576904 67.0554351807
332.4949646 72.576751709
439.222381592 66.498085022
364.259979248 71.485748291
471.001556396 66.5125732422
396.10256958 70.3252182007
503.021362305 66.4492797852
428.231811523 68.6003265381
222.669921875 97.6796035767
154.503707886 108.416122437
252.603439331 97.5091018677
183.830917358 107.399543762
282.753723145 97.4304122925
213.536712646 106.312217712
313.255828857 97.3543930054
243.445083618 105.30947113
343.543487549 97.0368270874
273.513092041 104.359367371
373.9425354 96.5434494019
303.464233398 103.075691223
404.487762451 96.4013900757
333.649932861 101.584152222
435.339324951 95.6806564331
364.315948486 100.562492371
466.371307373 95.4680633545
394.998565674 99.4571380615
496.970001221 95.5385131836
425.647125244 98.4898910522
226.551864624 124.666183472
161.827728271 134.508956909
255.532226562 124.617332458
190.347885132 133.491256714
284.597137451 124.486686707
219.02406311 132.467422485
313.951293945 124.507843018
247.917037964 131.580093384
343.263153076 124.475395203
276.835021973 130.536590576
372.564117432 124.147666931
305.761962891 129.624572754
402.050872803 123.532859802
334.987579346 128.518890381
431.697143555 123.507553101
364.36831665 127.483818054
461.620361328 123.365211487
394.221740723 126.522659302
491.464019775 122.762931824
423.671173096 125.677070618
230.414245605 149.443862915
168.520339966 159.125152588
258.340209961 149.463851929
196.153213501 158.271957397
286.422332764 149.38192749
223.966781616 157.450592041
314.560180664 149.290466309
251.814208984 156.476806641
343.130615234 149.142608643
279.979919434 155.571121216
371.242858887 148.629852295
307.903594971 154.591949463
399.625183105 148.551025391
336.275817871 153.836425781
428.355804443 148.440032959
364.434417725 152.685119629
457.43081665 147.805847168
393.33984375 151.609649658
486.280609131 147.565078735
421.773895264 150.701095581
233.636383057 173.154418945
174.962783813 182.451538086
260.741851807 173.084716797
201.453598022 181.501220703
287.851165771 172.803939819
228.499816895 180.610168457
315.425994873 172.692993164
255.614486694 179.984375
342.513641357 172.662643433
282.570526123 179.400726318
370.178375244 172.546203613
309.767333984 178.49810791
397.453704834 172.404586792
337.097198486 177.543731689
425.419708252 172.315170288
364.546234131 176.665969849
453.417419434 172.483505249
392.323913574 176.450378418
481.474182129 172.456436157
420.246032715 175.485839844
236.812637329 194.598815918
180.602111816 203.544754028
263.008056641 194.585388184
206.59437561 203.001998901
289.42098999 194.50213623
232.75289917 202.511825562
315.728759766 194.529663086
259.06628418 201.464584351
342.366271973 194.443664551
285.397644043 200.645141602
368.756622314 194.50050354
311.535308838 200.205078125
395.494842529 194.275177002
338.063293457 199.454528809
422.406890869 194.20501709
364.634765625 198.5284729
449.585723877 194.126663208
391.57598877 197.581161499
476.712127686 193.779144287
418.445648193 197.035430908
---
240.547683716 116.747627258
170.970932007 126.523590088
270.555877686 113.262390137
201.597595215 122.1849823
300.268615723 109.391326904
231.560089111 117.48626709
329.194396973 105.54888916
261.244903564 112.816505432
357.587921143 101.675270081
290.140258789 108.533203125
385.271362305 98.3181762695
318.428100586 104.378585815
412.548156738 94.5416259766
346.257904053 99.7323074341
439.324249268 91.1338653564
373.522460938 95.4714355469
465.665313721 87.5219573975
400.570953369 91.5071487427
491.225189209 84.5366668701
426.863128662 87.4684295654
243.438079834 143.06602478
177.406555176 152.482330322
272.42086792 139.293838501
206.878295898 147.618499756
300.642150879 135.328598022
235.719146729 143.172790527
328.79385376 131.50038147
264.411376953 138.511672974
356.242980957 127.492919922
292.307220459 134.406570435
382.791870117 124.505134583
319.558959961 129.550033569
409.229705811 120.500984192
346.26461792 125.553405762
435.334533691 116.53352356
372.61416626 121.469490051
460.516448975 113.377563477
398.618377686 117.061882019
485.619018555 109.510040283
424.537902832 112.553146362
246.054824829 167.492950439
183.403610229 176.495941162
273.944030762 163.404663086
211.652053833 171.785400391
301.357818604 159.455932617
239.590682983 167.146713257
328.37298584 155.524230957
267.303009033 162.562973022
354.77230835 151.563751221
294.283843994 158.256652832
380.489135742 147.853683472
320.416503906 153.55368042
406.247833252 143.655563354
346.335144043 148.968597412
431.255706787 140.226348877
371.855834961 144.464599609
455.932556152 136.538223267
397.184631348 140.428359985
480.078216553 132.711975098
421.597808838 136.031661987
248.427825928 189.774383545
188.727340698 198.507659912
275.397949219 186.449981689
216.35017395 193.869445801
301.759124756 182.256088257
243.407150269 189.560516357
328.037353516 178.366897583
269.90057373 185.391830444
353.449798584 174.437408447
296.051727295 180.46081543
378.474060059 170.452301025
321.458465576 175.99269104
403.239746094 166.430557251
346.398712158 171.484207153
427.538299561 162.492996216
371.358947754 166.779327393
451.505462646 158.698608398
395.521514893 162.54397583
474.783081055 155.242294312
419.4480896 158.361846924
250.620574951 211.367660522
193.975540161 219.516555786
276.592132568 207.013442993
220.514923096 214.919204712
302.475799561 202.591583252
246.578887939 210.364044189
327.580657959 198.628509521
272.473297119 205.587768555
352.486968994 194.543197632
297.583648682 200.634185791
376.556304932 190.680725098
322.286743164 196.319107056
400.521911621 187.415878296
346.603424072 191.559173584
424.282073975 183.414489746
370.503448486 187.669174194
447.365081787 179.450775146
394.222473145 183.443466187
470.256561279 175.646850586
417.303863525 178.898986816
252.759918213 231.336532593
198.734954834 239.529220581
278.014038086 227.056243896
224.538330078 234.763183594
302.764678955 222.681900024
249.757751465 230.025924683
327.392089844 218.509674072
274.671325684 225.535583496
351.32220459 214.561584473
299.255889893 220.52835083
374.939849854 210.442153931
323.210235596 216.038848877
397.980895996 206.45652771
346.515106201 211.419219971
421.215698242 202.489990234
370.177978516 207.224105835
443.961578369 199.229934692
393.237213135 202.77142334
466.25491333 195.460006714
415.997955322 198.426895142
254.715591431 250.371749878
203.497695923 258.122192383
279.196716309 245.825073242
228.442596436 253.531066895
303.380218506 241.517089844
252.782836914 248.54069519
327.030426025 237.418777466
276.963348389 243.675201416
350.282836914 233.388793945
300.566192627 239.466918945
373.22076416 229.268936157
323.74597168 234.575012207
395.558563232 225.348831177
346.665161133 230.131835938
418.007324219 221.374633789
369.3800354 225.594650269
440.014343262 217.458053589
391.610717773 221.458206177
461.638092041 213.546798706
413.631286621 216.818450928
---
260.595855713 122.474838257
193.598205566 130.983520508
290.270263672 120.541473389
223.351913452 128.507766724
319.677032471 118.48600769
252.582672119 126.21156311
349.298583984 116.556388855
282.105285645 123.548828125
378.563720703 114.630409241
311.422851562 120.746650696
407.616912842 112.847320557
340.473754883 118.436447144
436.767150879 110.603393555
369.545074463 115.4894104
465.738250732 108.904220581
398.562103271 112.480964661
494.735717773 107.326080322
427.81439209 109.669464111
523.382019043 105.484909058
456.829040527 107.426887512
262.518798828 150.554031372
195.590606689 159.510162354
292.463317871 148.558639526
225.508911133 156.538146973
322.179138184 146.539352417
255.083358765 153.848144531
351.906921387 144.534591675
284.729980469 151.385314941
381.335144043 142.658050537
314.306945801 148.510452271
410.732147217 140.585235596
343.611358643 145.771499634
440.013275146 138.54624939
372.665557861 143.32208252
469.376525879 136.504760742
402.270690918 140.417373657
498.424865723 134.936401367
431.482421875 137.549575806
527.409667969 133.031417847
460.979064941 134.523422241
264.591278076 179.495254517
197.619781494 188.274414062
294.461242676 177.530075073
227.570388794 185.478759766
324.420654297 175.48059082
257.556213379 182.541564941
354.319885254 173.560653687
287.499450684 179.620864868
384.239562988 171.443527222
317.265014648 177.296264648
413.601623535 169.469009399
346.630645752 174.470581055
443.210754395 167.421218872
376.223327637 171.447738647
472.685211182 165.316299438
405.644470215 168.511795044
502.249816895 163.391860962
435.456298828 165.627380371
531.329772949 161.488632202
464.718719482 163.157608032
266.588287354 208.505661011
199.629592896 216.922912598
296.761688232 206.452636719
229.864959717 214.320861816
327.045715332 204.460876465
260.125030518 211.482696533
357.105163574 202.179031372
290.262115479 208.477462769
387.072357178 200.323699951
320.298583984 205.553268433
416.897644043 197.792922974
349.925140381 202.475006104
446.567443848 195.645797729
379.594360352 199.624435425
476.416412354 193.526367188
409.453338623 196.771484375
506.257263184 191.565994263
439.404785156 194.339523315
535.411865234 189.562820435
469.140258789 191.368057251
268.621582031 238.2265625
201.666564941 246.503128052
299.210418701 235.762512207
232.36555481 243.536956787
329.472198486 233.504638672
262.561706543 240.526184082
359.75970459 231.486953735
293.106018066 237.49810791
390.046966553 229.476577759
323.308776855 234.525604248
420.065795898 227.55418396
353.283569336 231.8775177
450.112854004 225.204193115
383.202545166 228.732299805
480.209869385 222.880065918
413.32043457 226.068984985
510.021697998 220.695343018
443.384063721 223.37210083
539.506591797 218.72567749
473.443756104 220.480743408
270.637542725 267.85635376
203.782745361 276.347229004
301.424133301 265.543670654
234.531982422 273.311981201
332.095001221 263.382049561
265.356506348 269.986999512
362.500244141 261.272949219
295.77722168 267.208709717
393.08972168 259.312927246
326.340484619 264.479766846
423.385131836 256.648895264
356.561767578 261.39654541
453.442871094 254.570495605
386.683013916 258.410919189
483.965881348 252.529830933
417.247070312 255.386169434
514.353088379 250.528869629
447.741699219 252.565170288
544.321838379 248.484771729
478.270935059 249.552963257
272.80581665 298.659088135
205.869155884 306.775024414
303.610778809 296.473907471
236.800613403 303.691345215
334.565063477 294.05090332
267.823944092 300.539733887
365.389465332 291.752593994
298.662780762 297.539215088
396.281463623 289.498413086
329.489929199 294.55166626
426.606842041 287.4715271
360.080505371 291.567352295
457.165893555 285.181976318
390.383270264 288.493713379
487.632385254 282.751251221
421.200286865 285.609741211
518.226074219 280.530853271
451.792388916 282.519866943
548.253234863 278.444885254
482.400177002 279.690490723
