387.546508789 174.450149536
348.4921875 181.365264893
407.989929199 173.487319946
368.360198975 179.67137146
428.511932373 172.461013794
388.583953857 178.517166138
449.530548096 171.475204468
409.279998779 177.445953369
471.098175049 170.4662323
430.339111328 175.590911865
492.577850342 169.159744263
451.436096191 174.364624023
514.661621094 167.687194824
473.261138916 172.484375
537.0546875 166.485824585
495.311798096 170.982803345
559.49230957 165.529388428
517.607177734 169.456680298
582.156311035 164.49446106
540.349609375 168.043548584
388.284729004 194.287963867
349.405822754 200.708053589
408.559173584 193.02003479
368.990325928 199.446502686
429.19833374 192.494384766
389.410552979 198.541229248
450.292572021 191.436050415
410.144104004 197.390136719
471.618377686 190.521835327
431.145843506 196.047973633
493.384307861 189.515533447
452.410217285 194.617156982
515.456481934 188.990875244
474.219909668 193.464782715
537.472839355 188.030319214
496.236022949 191.669235229
560.047485352 187.360412598
518.555664062 190.543701172
582.452270508 186.362319946
541.315917969 189.482635498
388.634552002 214.455886841
350.068878174 220.72795105
409.004486084 213.593063354
369.681915283 219.652923584
429.783813477 212.460800171
390.154754639 218.470199585
451.078552246 211.630386353
410.850585938 217.507965088
472.400878906 211.429595947
431.828521729 216.564224243
494.127960205 210.533355713
453.442718506 215.645446777
516.026428223 209.514862061
475.017791748 214.459365845
538.45135498 208.557220459
497.362487793 213.186050415
561.224304199 207.600784302
519.836914062 211.648681641
583.407226562 207.29486084
542.490844727 210.729812622
389.154266357 234.543945312
350.544036865 241.048294067
409.584564209 233.540481567
370.557556152 240.234420776
430.437072754 233.072616577
391.05770874 239.331268311
451.653076172 232.468200684
411.725341797 238.393554688
473.248504639 231.872680664
432.877258301 237.498886108
494.886779785 231.461029053
454.407745361 236.447158813
516.764343262 230.474060059
476.222625732 235.506729126
539.22869873 229.679092407
498.324310303 234.418334961
562.012939453 229.51574707
521.162475586 233.523132324
584.296691895 228.582168579
543.591430664 232.537139893
389.670837402 254.120010376
351.520172119 260.545440674
410.261932373 253.528274536
371.486328125 260.059326172
431.169952393 253.459274292
392.143676758 259.261413574
452.27923584 253.384841919
412.759094238 258.567443848
473.564483643 252.511352539
433.789245605 257.527160645
495.526306152 252.48991394
455.416748047 257.046661377
517.434875488 251.520263672
477.260742188 256.255645752
539.822692871 251.522415161
499.421630859 255.519439697
562.64465332 250.517089844
522.253417969 254.494903564
585.545898438 250.49168396
545.211608887 253.782669067
390.345092773 274.53894043
352.393890381 280.921264648
410.733520508 274.057159424
372.379455566 280.433868408
431.568328857 273.606842041
393.158874512 279.672668457
452.819244385 273.449951172
413.649658203 279.148590088
474.362915039 273.4090271
434.892242432 278.767089844
496.213012695 272.588226318
456.382629395 278.105285645
518.227050781 272.520599365
478.28024292 277.517852783
540.576416016 272.207244873
500.465423584 276.644836426
563.441223145 271.633392334
523.315429688 276.55267334
586.335021973 271.482940674
546.258483887 275.521148682
390.828887939 294.481628418
353.194030762 301.469146729
411.433837891 294.569396973
373.391448975 300.690856934
432.372131348 294.453125
393.677520752 300.379394531
453.516021729 294.297485352
414.627197266 300.00680542
475.339904785 294.149078369
435.705078125 299.555419922
497.127258301 293.775939941
457.519683838 299.405517578
519.006958008 293.52432251
479.266326904 298.588226318
541.342285156 293.54006958
501.498535156 298.401153564
564.296264648 293.482086182
524.285949707 297.769073486
587.17376709 293.168029785
547.439880371 297.634765625
---
365.969390869 171.395172119
324.798461914 178.451171875
382.979644775 169.296112061
340.340576172 176.283004761
402.352966309 167.349395752
358.356109619 173.811737061
421.69442749 164.852844238
375.754364014 171.485443115
442.233459473 162.528335571
394.367584229 168.538452148
463.635375977 159.96434021
413.801269531 165.711471558
486.494049072 157.253265381
434.761962891 162.459472656
511.207183838 154.464736938
457.42010498 159.443313599
536.577697754 151.471939087
481.189483643 155.861587524
563.526245117 148.431671143
506.177124023 152.396865845
366.181884766 191.454544067
325.388519287 198.613876343
382.727020264 190.104690552
340.37600708 196.745849609
402.321533203 189.138092041
357.999908447 195.371322632
421.731506348 187.415374756
376.021972656 193.484375
442.488250732 185.625717163
394.968719482 191.469894409
464.602478027 183.770843506
415.274658203 189.502822876
487.554016113 181.806442261
436.432800293 187.35848999
512.198486328 179.544174194
458.599212646 184.573455811
537.598510742 177.510269165
482.487213135 182.231536865
564.726989746 175.505386353
507.693084717 179.394744873
365.894165039 212.506332397
325.407287598 219.536483765
382.878936768 211.501647949
340.620605469 218.489105225
401.462127686 210.436721802
357.552703857 216.806686401
421.559387207 209.505661011
376.020843506 215.538452148
442.617706299 208.509811401
395.251342773 214.412185669
464.689910889 207.358123779
415.483398438 212.968643188
487.913604736 205.537628174
436.681427002 211.25138855
512.206176758 204.509246826
458.97277832 209.429580688
537.499023438 202.902618408
482.371398926 207.466308594
565.158752441 201.5572052
508.429626465 205.590667725
365.532318115 233.482955933
325.24987793 240.490722656
383.235839844 232.950332642
341.252258301 239.523223877
401.950439453 232.547531128
358.36315918 238.923355103
421.648406982 231.885879517
376.429626465 238.284225464
442.590026855 231.462219238
395.519989014 237.513809204
464.837738037 230.757675171
415.734771729 236.524978638
488.257385254 230.458633423
437.438995361 235.615371704
512.599487305 229.494766235
459.746582031 234.440704346
537.563232422 228.837265015
482.792480469 233.493835449
565.438415527 228.494873047
509.107666016 232.529159546
366.595428467 253.669174194
326.499908447 260.580596924
384.418121338 253.803283691
342.981018066 260.561126709
403.363128662 253.66204834
360.241027832 260.492126465
423.042663574 254.038253784
378.254364014 260.404876709
443.862091064 254.300567627
397.231506348 259.896514893
465.810882568 254.51751709
417.419250488 259.895446777
488.802032471 254.468780518
438.42980957 259.505340576
512.983398438 254.50541687
460.496917725 259.499420166
538.255065918 254.496688843
483.731414795 259.337738037
565.417175293 254.644195557
509.356018066 259.145355225
366.544586182 274.635375977
326.643798828 281.61819458
384.333557129 275.472747803
342.848052979 282.1534729
403.477966309 275.954925537
360.595214844 282.442596436
423.372192383 276.473724365
378.768920898 282.595977783
444.312957764 277.559417725
397.958587646 283.54095459
466.286651611 278.428405762
418.199005127 283.585021973
489.291290283 278.888397217
439.344268799 284.432220459
513.354736328 279.550537109
461.379821777 284.638580322
538.690246582 280.648132324
485.019683838 285.587158203
565.816589355 281.637573242
510.198913574 286.30267334
366.369018555 295.507995605
326.519622803 302.492126465
384.594970703 296.736114502
343.539733887 303.533355713
403.51852417 297.756164551
360.812744141 304.486633301
423.179443359 299.501190186
378.547363281 305.530548096
443.493286133 300.526947021
397.275146484 306.585235596
465.571807861 302.320983887
417.623840332 307.807800293
489.242675781 303.465789795
439.220214844 308.789398193
513.618530273 305.259887695
462.371765137 310.400177002
539.314941406 306.932830811
485.592254639 311.69317627
565.958129883 308.5440979
510.675354004 313.504608154
---
367.179840088 170.504348755
319.326904297 177.475692749
388.744995117 170.169815063
339.461669922 176.659317017
412.33505249 168.512298584
361.731811523 175.02116394
436.361328125 167.599090576
384.312774658 173.787414551
461.277709961 167.444656372
407.517547607 172.667709351
487.114471436 166.469940186
431.953186035 171.403564453
514.292724609 165.488189697
457.586425781 170.015060425
542.378723145 164.382202148
484.487945557 168.45513916
571.533630371 163.424743652
512.656188965 166.851882935
601.526306152 162.483200073
541.905944824 165.344299316
369.94744873 192.449462891
323.418579102 199.455474854
391.213226318 192.45954895
343.2003479 198.974212646
414.297607422 191.538497925
364.942077637 197.605331421
438.163726807 190.935394287
387.463287354 196.714675903
462.653778076 190.520355225
410.614532471 196.17364502
488.582061768 189.579055786
435.339447021 194.775283813
515.216186523 189.511306763
460.352050781 193.989883423
542.838684082 189.319549561
486.767150879 192.916778564
571.517944336 188.832748413
514.524841309 192.3256073
601.061645508 188.539962769
543.33605957 191.224227905
372.346282959 214.02571106
326.86138916 220.559997559
393.516662598 214.468399048
346.710601807 220.785751343
415.995574951 214.417236328
367.798309326 220.472091675
439.547790527 214.246307373
390.270568848 219.91633606
464.287536621 213.935577393
413.415924072 219.414520264
489.588165283 213.499740601
437.509521484 218.810928345
515.756286621 213.491439819
462.540435791 218.375442505
543.139465332 213.583557129
488.69317627 218.08392334
571.420166016 214.4012146
515.75201416 218.027572632
600.36505127 213.729278564
544.332458496 217.419937134
374.641571045 235.438583374
330.416351318 241.663711548
395.963684082 235.496246338
350.355041504 241.979705811
418.302185059 235.593383789
371.454376221 241.979766846
441.452728271 236.394119263
393.393218994 241.937515259
465.535217285 236.529083252
416.287811279 242.300735474
490.555389404 236.636367798
440.116577148 241.807830811
516.588684082 237.024108887
464.845703125 241.611740112
543.481628418 237.500869751
490.545227051 241.550689697
571.028259277 238.528106689
517.226806641 242.668807983
599.570983887 238.60609436
545.334533691 242.426239014
377.794158936 254.435119629
334.721954346 260.843383789
398.79107666 254.736755371
354.666259766 261.327484131
420.919219971 255.471664429
375.431488037 261.422332764
443.53729248 256.413116455
397.184417725 262.003295898
467.348419189 257.259155273
419.377319336 262.49508667
491.947265625 257.930389404
443.036651611 263.177276611
517.307861328 258.579284668
467.300292969 263.483154297
543.669372559 260.333587646
492.430969238 264.636260986
570.869506836 261.899383545
518.709960938 265.893951416
599.26940918 262.94140625
546.407775879 266.734130859
380.33114624 274.399414062
338.300964355 280.560058594
400.996795654 275.415863037
357.841522217 281.523345947
422.864685059 275.616088867
378.638000488 281.729675293
445.3722229 276.818634033
400.147949219 282.466247559
468.767333984 278.37210083
422.381286621 283.554840088
493.171203613 279.50668335
445.360565186 284.501159668
518.093139648 280.536956787
469.354309082 285.65524292
544.020507812 282.428039551
494.356964111 286.941772461
570.637023926 284.447357178
520.345153809 288.616790771
598.43762207 286.391296387
547.373291016 290.408874512
382.28427124 293.454284668
341.401977539 300.303100586
403.309295654 294.54586792
361.412567139 300.821594238
424.630767822 295.689605713
381.623413086 301.689727783
446.607757568 297.536621094
402.548797607 303.470275879
469.643005371 299.489898682
424.313781738 304.806091309
493.620880127 301.038787842
447.454772949 306.486114502
518.390869141 302.492584229
471.294464111 307.524780273
544.305419922 304.026580811
496.163635254 308.786529541
570.415344238 306.453826904
521.50958252 310.786590576
597.489074707 308.681976318
548.25994873 313.394866943
---
385.97946167 216.448989868
353.158721924 222.619171143
403.528137207 216.135040283
370.784973145 222.467605591
420.6796875 216.500915527
388.338500977 222.505661011
438.117706299 216.562835693
405.765441895 222.474777222
455.5519104 216.453140259
423.525146484 221.595993042
472.762878418 216.36378479
440.947998047 221.490539551
489.79675293 216.068008423
458.322753906 221.091583252
506.477844238 216.073135376
475.442565918 220.788528442
523.348999023 216.058914185
492.601348877 220.548141479
539.659606934 215.72416687
509.518615723 220.33795166
387.67276001 233.560073853
354.521392822 239.815383911
405.776641846 232.64175415
372.607513428 239.313247681
423.082733154 233.495361328
390.235809326 239.511383057
440.609466553 233.498855591
407.959625244 238.909820557
457.971130371 233.50668335
425.542480469 238.74105835
475.037750244 233.418304443
443.080474854 238.479675293
492.061828613 233.429214478
460.449554443 238.412979126
509.037872314 232.925918579
477.757659912 237.583724976
525.765380859 232.779174805
495.03729248 237.60357666
542.293273926 232.673278809
512.180297852 237.447845459
389.577758789 250.585525513
355.938781738 256.650421143
407.703857422 250.523147583
374.195251465 256.100280762
425.708953857 250.310546875
392.381103516 255.454956055
443.204925537 250.513595581
410.314575195 255.585205078
460.640594482 250.47946167
427.853515625 255.409347534
477.930206299 250.501800537
445.55557251 255.215866089
495.025909424 250.265716553
463.093933105 254.530990601
512.433776855 249.662994385
480.688598633 254.296325684
529.586120605 249.540557861
498.43145752 253.514190674
545.721496582 249.515289307
515.427185059 253.584121704
391.501525879 267.941802979
357.414489746 274.51550293
409.702880859 267.576477051
375.866149902 273.672637939
427.724731445 267.528320312
394.319946289 273.521179199
445.655334473 267.461395264
412.314208984 273.139801025
463.398010254 267.490478516
430.363464355 272.766479492
480.985534668 267.261322021
448.336303711 272.445861816
497.995574951 266.950683594
465.818664551 272.189758301
515.36315918 266.468170166
483.500061035 271.538848877
533.119689941 266.281066895
501.628631592 270.639526367
549.387390137 266.341430664
518.530334473 270.60067749
393.232025146 286.51385498
358.605377197 292.829956055
411.418182373 286.499420166
377.389129639 292.590759277
429.430603027 286.093292236
395.546844482 291.89465332
447.498626709 285.726531982
414.243225098 291.618103027
465.371185303 285.510375977
432.275970459 291.32208252
483.280548096 285.547088623
450.448883057 290.771514893
500.788879395 284.945770264
468.373168945 290.072692871
518.44720459 284.534301758
486.520782471 289.490509033
536.342041016 283.727752686
504.707733154 288.573913574
553.491821289 283.523376465
522.407165527 287.960449219
395.279937744 305.533203125
360.386505127 311.636505127
413.62008667 304.658569336
379.242584229 311.066680908
431.794494629 304.55267334
397.594909668 310.719024658
450.048736572 304.428039551
416.277557373 310.093780518
468.248718262 304.187286377
434.578094482 309.637023926
486.150909424 303.490386963
452.841064453 308.967407227
503.86831665 303.29486084
471.305908203 308.515716553
521.576782227 302.562774658
489.41394043 307.595153809
539.434082031 302.244720459
507.638305664 306.934295654
556.929504395 301.528625488
525.750366211 306.305938721
397.270843506 323.52166748
361.953186035 330.311920166
415.736236572 323.469390869
380.683135986 329.593902588
434.319061279 323.112579346
399.664031982 329.046203613
453.056884766 322.563873291
418.637817383 328.487976074
471.533050537 321.868896484
437.533477783 327.540466309
489.621459961 321.498199463
456.21963501 327.183837891
507.364654541 321.359100342
474.308532715 326.466247559
524.959594727 320.527770996
492.544952393 325.682952881
542.86932373 319.916778564
510.941223145 324.767913818
560.562988281 319.45199585
529.39642334 324.191680908
---
403.081848145 212.519714355
367.290679932 218.472167969
422.207519531 212.535675049
385.573944092 218.439147949
442.163787842 212.918701172
405.007080078 218.425933838
462.273773193 213.260910034
424.55178833 218.465530396
482.95010376 213.388214111
444.576629639 218.146972656
504.302429199 213.412307739
465.409576416 217.688964844
525.929382324 213.47215271
486.525970459 217.516311646
548.005310059 213.456253052
508.395904541 217.443908691
570.528015137 213.523483276
530.658996582 217.273849487
593.400756836 213.552886963
553.397338867 216.837020874
401.710449219 230.976913452
365.745269775 237.255111694
421.030334473 230.694091797
384.252685547 236.53225708
441.00201416 231.550689697
403.706726074 237.364120483
461.527130127 232.163085938
423.549407959 237.388366699
482.411865234 232.552993774
443.851318359 237.543563843
503.824462891 233.21244812
464.750701904 237.566207886
525.603515625 233.483474731
486.323791504 237.653152466
547.970947266 233.476745605
508.219177246 237.513397217
570.553588867 234.42427063
530.593566895 237.768264771
593.46887207 234.543533325
553.536376953 238.014404297
400.450469971 249.462677002
364.264984131 255.168151855
419.74130249 249.79574585
382.815093994 255.432266235
440.03604126 250.464889526
402.3175354 255.451629639
460.68069458 251.480712891
422.451568604 255.970748901
481.718566895 252.136535645
443.23236084 256.506896973
503.422943115 252.626083374
464.308807373 256.982208252
525.419555664 253.453567505
485.662445068 257.34753418
548.071166992 253.56439209
508.132293701 257.570648193
571.077941895 253.99168396
530.583374023 257.642028809
594.054992676 254.822296143
553.595214844 258.540496826
398.937652588 268.052001953
362.449279785 273.931365967
418.593200684 268.569091797
381.443695068 274.443908691
439.185089111 269.54586792
401.36517334 275.248016357
459.997497559 270.490600586
421.402435303 275.576171875
481.273590088 271.5206604
442.327911377 276.490936279
503.200683594 272.539550781
463.572723389 277.196838379
525.281555176 273.498718262
485.440063477 277.754119873
548.009094238 274.275360107
507.649078369 278.417114258
571.275939941 274.631256104
530.527709961 278.614257812
594.452514648 275.860137939
554.135559082 279.621765137
397.928497314 287.513397217
361.280151367 293.473236084
417.725494385 288.592773438
380.577667236 294.505249023
438.241729736 289.494110107
400.372680664 295.297851562
459.293823242 290.644104004
420.791992188 296.365325928
480.571868896 292.023406982
441.505523682 297.064575195
502.53817749 293.472320557
463.234893799 298.241943359
525.101196289 294.514587402
485.121673584 298.835327148
547.819091797 295.48815918
507.521179199 299.602813721
571.401062012 296.374664307
530.549865723 300.485595703
594.936279297 297.443939209
554.412658691 301.478424072
396.485931396 307.35925293
359.6980896 313.42779541
416.447937012 308.455078125
379.190582275 314.426971436
437.287414551 309.759643555
399.413421631 315.588623047
458.390563965 311.40814209
419.627532959 316.503631592
480.157806396 312.684753418
440.783966064 317.580505371
502.293334961 314.391113281
462.422424316 318.57723999
524.555480957 315.478057861
484.501342773 319.628234863
547.685791016 316.489929199
507.278381348 320.762939453
571.412109375 317.549224854
530.610046387 322.19720459
595.208435059 318.79397583
554.537658691 323.346557617
394.929351807 326.432769775
357.747192383 332.638671875
415.436340332 328.484466553
377.757720947 334.438354492
436.297515869 329.692138672
397.807952881 335.514770508
457.489746094 331.487121582
418.622467041 336.804840088
479.321380615 333.150482178
439.598449707 338.532043457
501.620117188 334.535919189
461.574371338 339.829467773
524.39453125 336.54309082
484.095458984 341.604858398
547.632568359 338.325317383
507.209564209 342.768951416
571.336120605 339.566009521
530.508666992 344.516357422
595.52935791 341.385681152
554.587585449 345.605529785
---
265.231201172 225.525299072
231.440353394 233.970809937
281.390014648 222.686325073
246.540740967 230.624801636
298.75692749 220.498245239
263.470031738 228.34753418
316.419342041 217.553405762
280.335510254 224.946472168
334.198760986 214.528610229
297.200439453 221.504943848
352.537261963 211.410049438
314.56451416 218.324630737
371.542510986 208.110244751
332.606384277 214.518508911
391.290649414 204.654205322
351.429901123 211.339233398
411.511047363 201.528442383
370.627868652 207.492401123
432.316375732 197.894805908
390.306335449 203.767883301
265.383056641 243.67666626
231.297653198 251.776290894
281.428710938 240.969558716
246.452194214 248.656158447
299.077484131 238.500762939
263.475189209 246.543441772
316.681671143 236.389419556
280.329711914 243.485656738
335.171447754 233.504501343
297.666412354 240.450714111
354.180664062 230.511505127
315.63293457 237.445419312
373.340209961 227.686279297
334.073883057 234.527801514
393.016937256 224.457229614
352.887634277 231.252502441
413.434326172 221.488098145
372.39440918 227.753433228
434.546234131 218.557647705
392.403961182 224.487564087
265.271240234 261.539428711
230.775619507 269.548187256
281.552886963 259.061584473
246.403213501 266.865814209
299.190460205 256.489624023
262.777557373 264.479553223
317.304260254 254.521194458
280.405944824 261.692657471
335.764099121 252.434432983
298.223602295 259.505310059
354.940887451 250.260742188
316.411987305 256.570587158
374.402740479 247.528198242
334.971740723 253.527267456
394.365112305 244.562301636
353.641723633 250.979385376
414.682312012 241.442977905
373.289703369 247.514465332
436.435272217 239.015136719
393.818115234 244.702148438
264.862854004 280.336791992
230.254440308 288.39956665
281.896789551 278.195953369
246.390350342 285.845184326
299.586975098 276.0262146
263.390472412 283.564697266
317.809539795 273.651580811
280.554992676 281.353851318
336.456115723 271.613708496
298.434204102 278.6925354
355.966796875 269.511047363
316.980224609 276.360626221
375.555053711 267.192565918
336.023529053 273.653747559
396.003997803 264.441925049
355.283508301 270.63092041
416.378082275 261.626861572
374.400238037 267.753540039
438.303161621 259.530303955
395.380096436 265.413299561
265.573486328 299.494995117
230.611938477 307.539642334
283.279449463 297.625030518
247.406173706 305.533721924
301.073181152 295.550109863
264.357696533 303.468292236
319.375427246 293.706848145
281.723327637 301.323608398
338.205688477 291.869598389
299.560394287 299.154418945
357.448608398 289.974151611
318.383117676 296.708190918
377.261077881 287.545043945
337.181060791 294.478118896
397.382263184 285.497314453
356.365081787 291.665466309
418.286773682 283.175231934
375.722900391 289.031677246
440.218811035 280.615112305
396.741577148 286.61239624
265.56350708 318.469177246
230.40071106 326.516784668
283.092651367 316.53717041
246.688186646 324.516021729
301.4765625 315.579559326
264.488647461 322.672027588
320.148101807 314.249542236
282.31829834 320.854522705
339.251068115 312.530151367
300.48034668 319.038452148
358.512451172 310.583007812
319.041717529 317.207733154
378.419830322 308.823242188
338.194763184 315.535308838
399.3203125 306.665161133
357.52243042 313.3699646
420.411621094 304.837005615
377.723114014 310.857696533
442.353424072 302.566955566
398.561676025 308.560089111
265.375457764 338.453918457
229.50062561 346.39239502
283.503082275 336.962799072
247.012145996 344.601226807
301.662353516 335.502319336
264.378143311 343.319885254
320.323364258 334.30065918
281.960571289 341.525604248
339.287475586 332.52444458
300.170318604 339.618469238
359.25201416 331.440216064
319.044891357 338.03137207
379.553833008 329.539886475
338.552154541 336.46295166
400.703643799 328.379669189
358.722076416 334.54800415
422.257141113 326.535186768
379.272003174 332.523040771
444.440948486 324.698913574
400.385986328 330.676727295
---
216.638534546 203.554000854
171.004150391 212.479385376
233.979248047 200.460189819
186.773635864 209.556259155
253.579818726 196.756195068
205.098556519 205.504089355
273.436187744 193.592147827
222.971191406 201.840835571
293.545837402 190.504135132
241.626907349 198.542236328
314.692993164 187.198410034
261.142333984 194.563735962
337.210601807 183.196929932
281.590637207 190.406433105
360.607788086 178.837310791
303.261901855 186.351165771
385.410308838 174.469802856
325.893890381 181.60256958
411.117492676 170.278793335
349.398651123 176.96723938
223.587112427 224.469268799
178.905090332 233.501342773
240.626556396 222.512527466
194.430511475 231.479721069
260.259613037 219.559448242
212.459289551 227.729476929
279.852172852 216.57850647
230.630981445 224.533599854
300.503204346 213.546005249
249.6118927 221.515274048
321.997375488 209.784698486
269.510955811 217.524108887
344.253540039 206.591156006
290.016021729 213.971557617
367.421417236 202.97303772
311.448974609 210.424865723
391.888183594 199.621826172
333.961853027 206.481536865
417.574493408 195.539093018
357.626342773 202.299468994
230.159896851 245.433883667
186.18838501 254.114685059
247.479721069 243.913314819
202.051925659 252.440200806
266.111785889 241.425476074
219.210540771 249.860961914
286.05960083 238.690536499
237.629394531 246.956176758
306.672515869 236.591949463
256.977325439 244.350875854
328.226745605 233.57093811
276.701171875 241.002151489
350.258117676 230.464630127
297.271270752 237.587173462
373.378448486 227.475540161
318.481842041 234.665771484
397.396270752 224.907913208
340.542449951 231.565628052
423.41595459 221.487213135
364.550842285 227.821914673
236.403747559 265.729370117
193.393615723 274.523223877
254.260467529 264.309631348
209.789627075 272.580780029
272.951843262 262.195220947
227.197952271 270.423217773
292.574707031 260.291229248
245.32749939 268.196472168
312.815185547 258.06149292
264.183807373 265.595397949
334.267822266 255.493881226
283.903015137 263.362792969
356.50793457 253.508453369
304.641998291 260.340057373
379.43850708 251.449234009
325.836517334 257.599395752
402.92199707 249.562057495
347.456176758 255.634307861
428.795074463 246.511138916
371.552246094 252.580841064
243.864883423 285.360351562
201.770141602 293.514434814
261.674468994 283.545196533
218.378738403 291.665893555
280.381256104 281.656097412
235.63067627 289.729553223
299.733825684 280.49609375
253.631851196 288.402404785
319.93737793 278.613647461
272.432434082 286.500335693
340.909973145 277.247558594
292.065948486 284.510223389
362.612854004 275.512664795
312.162109375 282.496063232
385.36026001 274.151550293
332.853515625 280.809875488
408.761108398 272.75302124
354.479705811 279.476928711
433.905212402 271.189331055
377.916168213 277.046966553
250.087081909 304.74987793
208.734741211 313.342498779
267.686981201 303.706329346
225.200042725 311.912689209
286.707855225 302.279937744
242.944580078 310.0625
306.048950195 300.93862915
260.957824707 308.535614014
326.112091064 299.705810547
279.653106689 307.547027588
347.015350342 298.552307129
298.855712891 305.779174805
368.597717285 297.564971924
319.06552124 304.483032227
391.132019043 296.449127197
339.891845703 303.369873047
414.682037354 295.627868652
361.640625 302.246643066
439.447631836 294.574462891
384.634552002 300.7081604
255.7865448 323.600158691
215.377365112 331.699951172
273.860290527 322.405548096
232.435440063 330.540496826
292.607208252 321.56149292
249.601623535 329.530517578
311.526153564 321.477813721
267.254943848 328.949127197
331.241149902 320.74899292
285.546783447 328.495544434
352.218658447 320.35723877
305.066894531 327.458618164
374.009063721 319.245605469
325.422576904 325.757110596
396.687286377 318.469818115
346.606445312 324.72076416
420.242980957 318.078582764
368.324157715 324.385925293
444.63369751 317.55279541
391.176086426 323.703216553
---
186.088272095 193.832168579
139.582595825 203.493591309
198.861679077 190.136047363
150.0418396 199.538009644
214.315292358 185.796951294
163.402694702 194.288772583
229.527908325 181.191299438
176.037277222 189.440765381
245.344436646 176.478134155
189.476287842 185.17590332
262.173217773 171.059692383
203.635940552 179.656921387
280.545593262 165.399078369
219.169906616 173.583679199
300.492889404 159.11088562
235.817352295 166.996002197
321.63092041 152.616333008
253.826538086 160.362319946
344.21472168 145.747650146
272.704437256 153.098831177
195.358825684 215.437026978
149.591400146 224.715316772
207.758529663 212.542541504
159.686767578 221.523086548
223.285629272 208.287857056
173.049331665 216.958847046
238.752349854 204.517578125
186.211700439 212.89680481
255.36126709 200.055770874
200.582473755 208.408676147
273.210723877 195.257766724
215.699783325 203.416915894
291.830841064 190.35244751
231.523162842 198.229553223
311.620452881 185.576141357
248.375289917 192.691040039
332.964477539 180.196517944
266.536956787 187.529342651
356.005065918 174.217254639
286.364196777 181.218948364
203.905303955 236.47315979
158.901489258 245.549438477
216.948013306 234.306671143
169.79876709 243.05682373
231.570144653 231.285415649
181.934265137 239.565567017
247.668487549 227.520889282
196.128601074 235.844863892
264.647949219 223.819961548
210.606811523 232.148757935
282.623168945 220.015396118
226.168136597 227.999786377
301.366851807 215.702941895
242.245422363 223.483078003
320.947296143 211.557312012
258.972869873 219.084823608
341.931213379 207.47492981
276.729309082 214.592391968
365.955688477 202.264282227
297.497467041 208.996704102
212.455703735 257.166809082
167.781387329 265.598175049
226.250457764 254.600830078
179.678726196 263.442443848
241.117126465 252.458770752
192.661575317 260.675720215
257.021636963 250.377410889
206.145385742 257.425750732
273.917053223 247.636764526
220.817474365 254.929428101
291.88494873 244.404785156
236.252792358 251.626571655
310.935974121 240.477081299
253.125717163 248.109832764
331.162780762 237.420059204
270.233276367 244.438919067
351.584289551 234.474441528
287.474060059 241.487609863
375.825256348 230.325897217
308.696990967 236.572265625
222.324417114 276.425262451
178.635009766 285.299957275
236.562286377 274.626464844
190.968475342 283.024902344
251.690139771 272.562072754
204.03616333 280.528076172
267.533294678 270.572509766
217.895294189 278.583557129
284.390045166 268.488983154
232.482543945 276.494903564
302.331939697 266.41229248
248.02406311 273.805023193
321.134277344 264.29284668
264.253204346 271.381835938
340.61328125 262.199401855
280.83505249 269.017730713
361.530273438 260.430969238
298.717773438 266.895507812
384.719329834 257.585540771
318.720794678 263.936096191
230.786254883 296.547058105
187.78692627 304.824859619
244.785308838 295.543060303
199.879898071 303.533355713
260.604492188 293.581115723
213.936798096 301.614074707
276.752471924 292.326782227
227.82069397 299.704864502
293.749420166 290.754425049
242.757629395 298.561431885
311.551940918 289.517883301
258.233581543 296.479187012
330.427825928 287.860809326
274.621368408 294.902984619
350.379180908 286.522674561
291.824066162 293.435272217
371.589874268 285.482330322
310.037811279 291.693572998
394.578521729 284.025054932
329.906646729 290.161895752
238.713272095 316.417510986
196.16746521 323.825439453
253.735473633 315.324615479
209.548568726 322.62789917
269.068206787 314.464569092
222.743362427 321.528717041
284.680847168 314.18548584
236.468215942 321.386535645
301.262756348 313.452453613
250.761962891 320.543914795
319.554077148 312.760253906
266.870727539 319.549499512
338.992645264 311.589385986
284.031555176 318.189849854
359.595153809 310.643981934
301.819732666 316.768371582
380.800720215 310.508789062
320.406677246 316.509002686
403.766326904 310.378356934
340.380645752 316.049682617
