272.650085449 94.9322891235
238.498138428 103.986076355
290.44744873 94.5739593506
255.870849609 103.343017578
308.168334961 94.3925933838
273.519989014 102.47303772
325.654388428 93.7280197144
291.182739258 101.55859375
343.456420898 93.5276107788
308.64074707 100.516914368
360.898590088 93.4099121094
326.308837891 99.7638244629
378.459014893 92.5820770264
343.54699707 98.9574279785
396.046966553 92.4987716675
361.177703857 98.2875976562
413.559875488 92.0641479492
378.645080566 97.412727356
431.128997803 91.5155639648
396.241546631 96.480758667
273.227630615 112.525032043
239.153076172 121.443199158
290.864227295 112.161239624
256.64263916 120.49256134
308.495605469 111.539756775
274.429077148 119.560050964
326.390075684 111.365867615
292.067199707 118.567451477
344.164855957 110.87273407
309.56060791 117.963920593
361.564758301 110.534896851
327.243804932 117.245018005
379.09564209 110.304153442
344.562103271 116.463813782
396.652954102 109.529983521
362.225189209 115.467658997
414.320373535 109.534332275
379.664398193 114.54624176
431.8230896 108.85295105
397.36126709 113.571876526
273.617553711 129.3828125
239.990783691 137.863830566
291.376586914 128.865402222
257.507537842 137.247161865
309.284606934 128.497024536
275.367218018 136.462127686
326.701263428 128.276229858
292.897094727 135.516220093
344.598297119 127.696975708
310.545288086 134.552124023
362.1668396 127.488204956
328.206298828 133.750228882
379.686340332 126.869850159
345.558868408 132.855895996
397.381378174 126.540138245
363.250946045 132.219863892
415.145324707 126.478675842
380.787902832 131.275268555
432.562194824 126.416275024
398.368988037 130.525787354
274.265228271 146.647003174
240.612838745 155.44960022
291.962402344 146.492645264
258.435943604 154.503005981
309.533905029 146.060699463
276.244781494 153.517120361
327.440795898 145.493240356
293.86227417 152.580276489
345.161376953 145.48147583
311.527709961 152.052764893
362.716094971 144.621627808
329.195098877 151.347335815
380.328918457 144.50579834
346.476623535 150.477310181
398.129730225 143.792434692
364.3125 149.479782104
415.612335205 143.504943848
381.92175293 148.55065918
433.352905273 143.318756104
399.46484375 147.526870728
274.612823486 164.38343811
241.487823486 172.515335083
292.428771973 163.624603271
259.31552124 171.559570312
310.320404053 163.481185913
277.031402588 170.541656494
328.084411621 162.860137939
294.569976807 170.026824951
345.788970947 162.505889893
312.441497803 169.438568115
363.370483398 162.388961792
330.134643555 168.526779175
381.230041504 161.500869751
347.534729004 167.494506836
398.614044189 161.458938599
365.263824463 166.556549072
416.483978271 160.706298828
383.024169922 165.544158936
434.1300354 160.523330688
400.490905762 164.902618408
275.22265625 181.578170776
242.267059326 189.519470215
293.012054443 181.437667847
260.113983154 189.446151733
310.597717285 180.746948242
277.646759033 188.439300537
328.565979004 180.488021851
295.514984131 187.464645386
346.32421875 180.386917114
313.405792236 186.528564453
364.264251709 179.522476196
331.155426025 185.518127441
381.566467285 179.438369751
348.519775391 184.946731567
399.438934326 178.521697998
366.400787354 184.029495239
417.236083984 178.510742188
384.097503662 183.496932983
435.117095947 177.684005737
401.644348145 182.328720093
275.567962646 198.70664978
242.780151367 207.240188599
293.481903076 198.484558105
260.623535156 206.449737549
311.34777832 198.018692017
278.577423096 205.516479492
329.182189941 197.522171021
296.516998291 204.516921997
347.00201416 197.457855225
314.302764893 203.524520874
364.578826904 196.548660278
331.750488281 202.564529419
382.433319092 196.41293335
349.597259521 201.687103271
400.225219727 195.649917603
367.37310791 201.099365234
418.032653809 195.442977905
385.160125732 200.320907593
435.737976074 194.865310669
402.829315186 199.452865601
---
269.800933838 93.7715835571
234.379898071 103.084465027
287.739868164 94.2558059692
252.32460022 102.788955688
305.973236084 94.4852981567
270.538543701 102.557579041
323.698120117 95.3503494263
288.485107422 102.698280334
341.755310059 95.6597061157
306.412811279 102.748519897
359.186279297 96.2663879395
324.151763916 102.679405212
376.799041748 96.5743484497
341.616546631 102.566062927
394.23727417 96.5655136108
359.223815918 102.566513062
411.525726318 97.3883895874
376.688262939 102.529449463
428.731292725 97.5408859253
393.926483154 102.525444031
270.201385498 108.027030945
234.056381226 117.138191223
288.573303223 108.562866211
252.592926025 117.272499084
306.639953613 109.163024902
270.77734375 117.167755127
325.130523682 109.371566772
289.414459229 117.083351135
343.152130127 109.870254517
307.348510742 116.949363708
360.88381958 110.292053223
325.316253662 116.701843262
378.492462158 110.518325806
343.151702881 116.654541016
396.368621826 110.625701904
360.972686768 116.495948792
413.83102417 111.50944519
378.520263672 116.493751526
431.370819092 111.511932373
396.348876953 116.379737854
270.686859131 123.015693665
234.324981689 131.341262817
289.183044434 123.357170105
252.805114746 131.177871704
307.779907227 123.637634277
271.672302246 131.000473022
326.278411865 124.030670166
290.126373291 131.030654907
344.518981934 124.388168335
308.627441406 131.19354248
362.491027832 124.68938446
326.464263916 130.975967407
380.624206543 125.079421997
345.018920898 130.444244385
398.495544434 125.438438416
362.519104004 130.465621948
416.435424805 125.438529968
380.961334229 130.267684937
434.159851074 125.878852844
398.488189697 130.329391479
271.119812012 137.653533936
234.291610718 146.401748657
290.226989746 138.11781311
253.347076416 146.337936401
308.545623779 138.34942627
272.22833252 146.169036865
327.57409668 138.449645996
291.028442383 146.08996582
345.985626221 139.225784302
309.482086182 146.027023315
364.55758667 139.273406982
328.13684082 145.43019104
382.40222168 139.50012207
346.348846436 145.491027832
400.939300537 139.617355347
364.982391357 145.291885376
419.027526855 139.984695435
382.904937744 145.024856567
436.890319824 140.340713501
401.009765625 144.464904785
271.59475708 153.24772644
234.309875488 162.18119812
290.582672119 153.503738403
253.407196045 161.7915802
309.972137451 153.764785767
272.990447998 161.506408691
328.612792969 154.271728516
291.732849121 161.309768677
347.806335449 154.316314697
310.935211182 161.06729126
366.159790039 154.547286987
329.346496582 161.108474731
384.770172119 154.574386597
348.075500488 160.283248901
403.013336182 155.00769043
366.497344971 160.379013062
421.660583496 155.050384521
385.200531006 159.826904297
439.522369385 155.397583008
403.440948486 159.702514648
271.853790283 169.327636719
234.138778687 177.965988159
291.424865723 169.509048462
253.94984436 177.719421387
310.662017822 169.727249146
273.333435059 177.330307007
330.229370117 169.959274292
292.884094238 177.131790161
349.190185547 170.34236145
311.758239746 177.097183228
368.141479492 170.275115967
330.973358154 176.464889526
386.587097168 170.513763428
349.63067627 176.324813843
405.757568359 170.443664551
368.782592773 176.017623901
424.159057617 170.707427979
387.465118408 175.557830811
442.710327148 170.73576355
406.274536133 175.217636108
272.627288818 186.183105469
234.178833008 194.127487183
292.304931641 186.000518799
254.002243042 194.01020813
312.037841797 186.079177856
273.849212646 193.449066162
331.281341553 186.464233398
293.568359375 193.024703979
350.966003418 186.617477417
313.062561035 192.782394409
369.801757812 186.923294067
332.361816406 192.516937256
389.022918701 186.615585327
351.678283691 192.119873047
408.060150146 187.023300171
370.678039551 191.509536743
427.148223877 186.937835693
389.97479248 191.191040039
445.574676514 187.263473511
408.662567139 190.738616943
---
294.887634277 51.8546257019
258.580841064 60.5543708801
310.450958252 60.6352081299
274.248352051 68.3822479248
326.17086792 68.8458938599
289.943603516 76.5992431641
341.764404297 77.9677124023
305.898956299 85.2173690796
357.451782227 86.8155975342
321.657165527 93.5761413574
372.985137939 95.7037887573
337.407440186 101.876106262
388.640930176 104.431381226
353.208374023 110.186302185
404.386077881 113.152122498
369.125366211 118.615524292
420.102752686 122.007957458
385.17880249 126.6900177
435.745178223 130.382217407
400.928314209 134.812805176
286.142364502 64.4861450195
249.628814697 73.3679428101
301.791412354 73.4593658447
265.622589111 81.7639541626
317.676116943 82.3741607666
281.57232666 90.2733535767
333.644897461 91.4418869019
297.630310059 98.6752319336
349.457427979 100.397163391
313.515838623 107.338447571
365.171844482 109.385070801
329.512329102 115.720985413
380.929504395 118.224006653
345.384246826 124.107429504
397.029541016 126.771514893
361.579345703 132.143478394
412.621643066 135.656845093
377.530303955 140.676422119
428.578216553 144.464691162
393.548034668 148.98677063
277.388031006 77.8814849854
240.929763794 86.7403030396
293.364715576 86.9657516479
256.816986084 95.3837585449
309.365814209 95.8951568604
273.211975098 103.866928101
325.376434326 105.09740448
289.307434082 112.59349823
341.347930908 114.210334778
305.259857178 121.10067749
357.269439697 123.098091125
321.468841553 129.310745239
373.27230835 131.636459351
337.563201904 137.606765747
389.16116333 140.790252686
353.628814697 146.215682983
405.281524658 149.656051636
369.855316162 154.764434814
421.275177002 158.744842529
386.159973145 163.489501953
268.489715576 91.6609039307
231.720367432 100.728874207
284.622039795 100.7085495
247.848556519 109.354415894
300.677459717 109.993095398
264.295379639 117.996559143
316.970062256 118.994857788
280.600372314 126.397041321
332.875 127.883522034
296.894805908 134.945037842
349.153106689 136.790176392
313.327789307 143.523406982
365.170227051 145.986328125
329.477844238 152.089248657
381.486450195 155.007247925
345.848083496 160.780761719
397.537139893 164.203216553
362.20892334 169.48210144
413.607330322 173.097091675
378.485412598 178.094299316
259.419647217 105.533119202
222.608856201 114.645957947
275.686035156 114.648521423
238.932937622 123.392044067
292.205078125 123.872192383
255.60848999 131.651107788
308.482116699 132.749160767
272.163787842 140.455505371
324.795166016 142.007369995
288.496307373 149.305587769
340.796844482 151.250335693
304.764984131 158.088256836
357.342041016 160.44152832
321.377075195 166.61277771
373.474884033 169.575332642
337.719421387 175.334213257
389.856536865 178.687973022
354.308135986 184.262680054
406.089630127 188.018386841
370.701873779 192.444915771
250.094009399 119.762359619
213.264831543 128.552307129
266.738220215 128.574401855
229.819549561 137.371139526
283.205352783 138.016296387
246.470687866 146.175415039
299.74130249 147.377792358
263.086334229 155.143539429
316.140167236 156.802078247
279.708679199 164.142425537
332.625976562 166.043457031
296.311553955 172.85798645
348.77166748 175.225692749
312.910400391 181.671707153
365.494445801 184.413818359
329.659484863 189.990875244
381.910644531 193.241744995
346.374145508 198.936264038
398.502471924 202.539794922
362.877807617 207.626327515
240.769454956 133.716461182
203.536834717 143.310089111
257.3253479 143.335906982
220.303359985 152.204925537
274.323303223 152.70866394
237.098129272 161.172210693
290.58694458 162.186462402
253.928024292 170.107666016
307.392700195 171.631881714
270.763824463 179.165542603
323.785064697 181.000366211
287.633758545 188.040130615
340.571929932 189.984710693
304.286437988 196.411575317
357.245697021 199.190887451
321.162475586 205.288528442
373.788665771 208.570281982
337.929626465 214.293899536
390.505004883 218.035476685
354.843688965 223.237472534
---
147.379837036 116.214477539
74.1879653931 128.476730347
178.730010986 121.592758179
107.653083801 133.021514893
208.488876343 126.446502686
139.556091309 137.465026855
236.407852173 132.250061035
169.628341675 141.710281372
262.513549805 137.087417603
198.243789673 146.046844482
286.827148438 141.461029053
224.756484985 149.511169434
310.184967041 145.501098633
250.307281494 153.565795898
332.204101562 149.584091187
274.368438721 156.570297241
353.269561768 153.442047119
297.320556641 159.904373169
372.781097412 156.917327881
318.517822266 162.909942627
148.26399231 145.812454224
74.2394332886 158.476028442
180.140640259 150.666702271
108.305603027 162.385437012
210.058425903 155.556976318
140.462356567 165.605438232
238.423812866 159.787338257
171.377151489 169.484863281
264.504089355 163.964477539
199.859130859 172.556808472
289.415496826 167.523071289
226.937103271 175.62928772
312.54486084 171.497406006
252.4609375 178.52722168
334.933166504 174.451507568
276.750030518 181.553543091
355.751373291 177.611938477
299.665222168 184.3881073
375.714904785 180.564559937
321.504943848 186.504592896
148.915634155 177.100723267
74.0799636841 188.927124023
181.387481689 180.764678955
108.688446045 191.558135986
211.634490967 184.50088501
141.52545166 194.294708252
240.294784546 188.316390991
172.560623169 196.702011108
266.709411621 190.68939209
201.662689209 199.498352051
291.610534668 193.618621826
228.895935059 201.606765747
315.361053467 196.472167969
254.633346558 203.791473389
337.575958252 199.521972656
279.383422852 206.287597656
358.676940918 201.752197266
302.51864624 208.2890625
378.854125977 204.5415802
324.465820312 210.067962646
149.733200073 208.530593872
74.3950958252 220.472305298
182.526733398 211.471054077
109.485237122 222.455291748
213.491668701 214.486358643
142.677108765 224.163650513
242.310256958 216.469039917
174.199813843 225.619308472
269.175720215 219.513900757
203.57244873 227.540237427
294.41192627 221.488555908
231.404907227 229.352630615
318.007629395 223.539047241
257.354949951 230.538864136
340.611877441 225.54637146
281.865875244 231.66734314
361.936523438 227.482284546
305.490478516 233.452682495
382.132843018 228.907272339
327.471374512 234.527679443
150.688171387 241.5105896
74.5495147705 252.533554077
184.179260254 243.31060791
110.341293335 253.503723145
215.221038818 244.479415894
143.860519409 253.735412598
244.334472656 246.530853271
175.758148193 254.594848633
271.493591309 247.658996582
205.569244385 255.56048584
296.816589355 249.477355957
233.533905029 256.517822266
320.770843506 250.471954346
259.652374268 256.824066162
343.499298096 251.509735107
284.622894287 257.469390869
365.114715576 252.585083008
308.416809082 258.461395264
385.288909912 253.560241699
330.468170166 258.729431152
151.861572266 274.502716064
74.7504043579 285.53125
185.518173218 275.485565186
110.996788025 285.505523682
217.070343018 275.511230469
145.375778198 285.481170654
246.420120239 276.480499268
177.420425415 285.449493408
273.827941895 276.970703125
207.529922485 285.412414551
299.548583984 277.513122559
235.647720337 285.118743896
323.527587891 277.667480469
262.39453125 284.69430542
346.642700195 278.460479736
287.501190186 284.558105469
368.388824463 278.55657959
311.449890137 284.530853271
388.849090576 279.373748779
333.84362793 284.464508057
152.751876831 309.517852783
75.2212905884 319.714416504
186.781570435 309.203765869
111.661582947 318.546173096
218.707061768 308.506378174
146.46244812 317.477264404
248.493621826 307.765350342
178.781951904 316.460754395
276.321014404 307.508666992
209.444396973 315.552124023
302.150421143 307.150665283
238.18850708 314.4793396
326.516998291 306.551818848
264.834533691 313.500183105
349.604614258 306.296112061
290.422973633 312.540405273
371.58102417 305.681243896
314.37411499 311.542510986
392.36907959 305.565917969
337.21762085 310.663604736
---
284.634033203 152.61114502
228.304611206 161.334869385
309.05947876 146.396575928
251.330673218 154.42276001
334.231018066 139.860610962
274.911499023 147.459487915
360.378082275 133.553710938
299.61920166 140.491958618
387.303344727 126.666130066
325.107818604 133.289764404
414.681854248 120.457504272
350.807342529 126.237289429
443.205871582 113.23110199
377.921142578 118.007041931
472.578643799 105.575698853
405.735748291 109.680343628
503.077087402 98.0335006714
434.942138672 101.220695496
534.078308105 90.3852233887
464.687225342 92.4284210205
286.936767578 176.850997925
230.228012085 185.427841187
311.586456299 171.265151978
253.523895264 178.930587769
337.278411865 165.204391479
277.608612061 172.266891479
363.793914795 158.611679077
302.617492676 165.554824829
390.988708496 152.460113525
328.418701172 158.613739014
419.158050537 145.615325928
354.926086426 151.282470703
447.777038574 139.013076782
382.130065918 143.771911621
478.080230713 131.536026001
410.618041992 135.605377197
508.879302979 125.246437073
440.305999756 127.601043701
540.72857666 117.507888794
470.662689209 119.515350342
289.445983887 201.514648438
232.14932251 209.55632019
314.437866211 195.743392944
255.783706665 203.367370605
340.350646973 189.922042847
280.403533936 197.044036865
367.202301025 184.545059204
305.62387085 190.546981812
394.928649902 178.459213257
331.829772949 184.501754761
423.445129395 172.275009155
358.692382812 177.467514038
452.847900391 165.498275757
386.467437744 170.319885254
483.394287109 158.929260254
415.375854492 162.693725586
514.974487305 152.036270142
445.579406738 154.810592651
547.382751465 145.009399414
476.668914795 146.876586914
291.87600708 226.519073486
234.259292603 234.910186768
317.385101318 221.54486084
258.360900879 229.300216675
343.615081787 216.358139038
283.310546875 223.102325439
370.832977295 210.491210938
308.826385498 216.815032959
398.915496826 205.155426025
335.439819336 210.652511597
427.912536621 198.880615234
362.81652832 204.017807007
457.799377441 192.835357666
391.174530029 197.264816284
488.906188965 186.745513916
420.532745361 189.821548462
521.348754883 180.507415771
451.375305176 183.132629395
554.336853027 173.553039551
483.14276123 175.375259399
294.476379395 252.56578064
236.371704102 260.538299561
320.170135498 247.974517822
260.652160645 254.901138306
346.857666016 242.604919434
285.949432373 249.544052124
374.544250488 237.450531006
312.346954346 243.725997925
403.17401123 232.486450195
339.305023193 237.759170532
432.616668701 226.882461548
366.983154297 231.787521362
463.198303223 221.129821777
395.726806641 225.278259277
494.848602295 215.200790405
425.763885498 218.418289185
527.718200684 208.936569214
457.168640137 211.423690796
561.180236816 202.691009521
489.599304199 204.321044922
296.965698242 279.297363281
238.42300415 287.031158447
323.309051514 274.519134521
263.301513672 282.040100098
350.275421143 269.821655273
288.948669434 276.557678223
378.361663818 265.45223999
315.491851807 271.380371094
407.504577637 260.483520508
343.228210449 265.632995605
437.426391602 255.38722229
371.381530762 259.723937988
468.612060547 250.496795654
400.611358643 253.776992798
500.89755249 244.605560303
431.267822266 247.840576172
534.373657227 239.329696655
463.215270996 241.636917114
568.523071289 233.457351685
496.328643799 234.698501587
299.495697021 306.618804932
240.465103149 314.514587402
326.287200928 302.650268555
265.707946777 309.975341797
353.724090576 298.494842529
291.764526367 304.965026855
382.46484375 294.264678955
319.224517822 299.86920166
412.053955078 289.423034668
347.054138184 294.660522461
442.462615967 285.167358398
375.8019104 289.619781494
474.204040527 280.441314697
405.600982666 283.732391357
507.144134521 275.324829102
437.1277771 278.092895508
541.255493164 269.706420898
469.443359375 272.194732666
575.952697754 264.543945312
503.379302979 265.900177002
---
238.557342529 128.835098267
173.475357056 138.571975708
267.557861328 127.480445862
202.220092773 136.374511719
296.792327881 126.002502441
231.166244507 133.853225708
326.141296387 124.632598877
260.259765625 132.1743927
355.335205078 123.392776489
289.345336914 129.537338257
384.441345215 121.505813599
318.067443848 127.446624756
413.492340088 119.62399292
347.002502441 125.481536865
442.800964355 117.862701416
376.091094971 122.604217529
472.349273682 116.430603027
405.478240967 120.360641479
501.426818848 114.48324585
434.669311523 117.499847412
237.401992798 149.456558228
169.708099365 159.251571655
267.534942627 147.605377197
199.666015625 156.632217407
297.522827148 146.445983887
229.56930542 154.435348511
327.79598999 144.518920898
259.732574463 152.173492432
357.790771484 143.205169678
289.578552246 149.800811768
388.076934814 141.451934814
319.49432373 147.436981201
418.016937256 139.556335449
349.261993408 144.860717773
448.408691406 137.482421875
379.582641602 142.311340332
478.700958252 136.226119995
409.696044922 139.63369751
509.202606201 134.461196899
440.326721191 137.063873291
236.38961792 171.33442688
166.492630005 180.597198486
267.426055908 169.519775391
197.348434448 178.379501343
298.491271973 167.511276245
228.402267456 175.644287109
329.499847412 166.233840942
259.273071289 173.527679443
360.748260498 164.406600952
290.348449707 171.190414429
391.779296875 162.596343994
321.057006836 168.536636353
422.94543457 160.515258789
351.93649292 165.768249512
454.385375977 159.057723999
383.138427734 163.466110229
485.76083374 157.405593872
414.49822998 160.52986145
517.044006348 155.477661133
445.716888428 158.208831787
235.021514893 193.694274902
162.556350708 203.488082886
267.172088623 192.358886719
194.38053894 200.995147705
299.456604004 190.482254028
226.532867432 198.495773315
331.549743652 189.119949341
258.653778076 195.662216187
363.923614502 187.54107666
290.670379639 193.533081055
396.134735107 185.445724487
322.647003174 190.638290405
428.311035156 183.538406372
354.655792236 188.718566895
460.843048096 181.577667236
386.972473145 185.787475586
493.432434082 180.005386353
419.439605713 183.410049438
525.704833984 178.402130127
451.868438721 180.488372803
233.558959961 218.543258667
158.370986938 228.311172485
266.876525879 216.544952393
191.4871521 225.521316528
300.403961182 214.676696777
224.740707397 222.7396698
333.671356201 213.211868286
257.971679688 220.391876221
367.306335449 211.42678833
291.420257568 217.621292114
400.576171875 209.531829834
324.475463867 215.276367188
433.870666504 207.446243286
357.578765869 212.425170898
467.601043701 205.497131348
391.179901123 209.646911621
501.436035156 203.491912842
424.832122803 206.707229614
534.943786621 202.222427368
458.548309326 204.280792236
231.928375244 245.336868286
153.738555908 254.4296875
266.600799561 243.483306885
188.357910156 252.296417236
301.416748047 241.493652344
222.676956177 249.428070068
336.190063477 239.484817505
257.486633301 246.585006714
370.774536133 237.576446533
291.836242676 244.299850464
405.450714111 235.657073975
326.421020508 241.460327148
440.24609375 234.134613037
360.835174561 238.66293335
475.144897461 231.60168457
395.597351074 235.561599731
510.323242188 229.780593872
430.597686768 232.830383301
545.096679688 228.109039307
465.768341064 230.162338257
230.453460693 273.542663574
148.892868042 283.468078613
266.49597168 271.545532227
184.73324585 280.567352295
302.50189209 269.54598999
220.656066895 277.572509766
338.527801514 267.5496521
256.698516846 274.808624268
374.606719971 265.828033447
292.609802246 272.26473999
410.538818359 264.067993164
328.505065918 269.469085693
446.778656006 261.973571777
364.351257324 266.485412598
483.263824463 260.115203857
400.487548828 263.702545166
519.624816895 257.980163574
437.000579834 260.590667725
555.771972656 255.896820068
473.545623779 257.881652832
---
215.235107422 47.5728797913
141.374862671 59.5764007568
247.451385498 49.5139808655
173.50050354 60.5054397583
279.392486572 51.5401573181
205.457519531 61.460735321
310.827667236 53.535861969
237.382827759 62.4819602966
342.082580566 55.5216636658
268.67300415 62.5457229614
372.616333008 57.2397880554
299.57925415 63.5323066711
403.23727417 58.4904823303
330.524993896 64.5027084351
433.404602051 60.5329475403
361.1796875 65.4978103638
463.338439941 62.5018615723
391.503875732 66.4293365479
492.599914551 63.5499649048
421.517578125 67.3007354736
215.512573242 80.4270172119
144.026611328 91.5323867798
246.942779541 81.7464599609
175.552780151 92.4829101562
278.141235352 83.4618148804
206.737503052 93.1269760132
309.119293213 85.432144165
238.23638916 93.8873596191
339.540863037 86.9207763672
268.77645874 94.6028823853
369.579620361 88.4937210083
299.383178711 95.5310821533
399.286560059 90.0222702026
329.29006958 96.3749771118
428.980499268 91.4661712646
359.348937988 96.7452774048
458.184295654 93.3720550537
388.839935303 97.64503479
487.209869385 94.5148010254
418.445373535 98.4139099121
215.706604004 111.505523682
146.702972412 122.545249939
246.508758545 113.284980774
177.561813354 123.317626953
277.167114258 114.503936768
208.500396729 123.547935486
307.333740234 116.249229431
238.754745483 124.477149963
337.310211182 117.477554321
269.222808838 125.365379333
366.573242188 118.904151917
298.636474609 125.604324341
395.623504639 120.424560547
328.297912598 126.401557922
424.674987793 121.480461121
357.449676514 126.533607483
453.47164917 122.983573914
386.61541748 127.01701355
481.605651855 124.473358154
415.369018555 127.512290955
216.364212036 141.505523682
149.556106567 151.695617676
246.42755127 142.564025879
179.840591431 152.544021606
276.215179443 143.81072998
209.957000732 152.5677948
305.638336182 145.454864502
239.699462891 153.52671814
334.877319336 146.556045532
269.427703857 154.015411377
363.577514648 147.600662231
298.41394043 154.491607666
392.298736572 148.628265381
327.29486084 154.645904541
420.552612305 149.984207153
355.821594238 155.404647827
448.619049072 151.418197632
384.398193359 155.574523926
476.482299805 152.473312378
412.470550537 156.077835083
216.562393188 170.05241394
152.367492676 180.451919556
246.168045044 171.298034668
181.843917847 180.497817993
275.373352051 172.413711548
211.451858521 180.736785889
304.300506592 173.502716064
240.579742432 181.471313477
332.761322021 174.583572388
269.541778564 181.593917847
360.95791626 175.531311035
298.118652344 182.143280029
388.782531738 176.54901123
326.311309814 182.479904175
416.674041748 177.477600098
354.311889648 182.563339233
444.408172607 178.462875366
382.282196045 182.968826294
471.475646973 179.485092163
409.627319336 183.400756836
216.673736572 197.453903198
154.518844604 207.452850342
245.611251831 198.348098755
183.639907837 207.475799561
274.418151855 198.979598999
212.568588257 207.477233887
302.626251221 199.974945068
241.418914795 207.722137451
330.644073486 200.866836548
269.579956055 208.37159729
358.360443115 201.575485229
297.570648193 208.478927612
385.639923096 202.533035278
325.346130371 208.530700684
413.087677002 203.476654053
352.715667725 208.539672852
440.220703125 204.512771606
380.31854248 209.071456909
466.893798828 205.439575195
407.338317871 209.223266602
217.021240234 223.518081665
156.693756104 233.476165771
245.448165894 224.493469238
185.518920898 233.537750244
273.524688721 225.485351562
213.717651367 233.576843262
301.326080322 226.070114136
241.851013184 233.599731445
328.590087891 226.593612671
269.668151855 233.895767212
355.628570557 227.507354736
297.284881592 234.134567261
382.535217285 228.484390259
324.35949707 234.256378174
409.359283447 228.995269775
351.351196289 234.378036499
436.044067383 229.606048584
378.24105835 234.428009033
462.322387695 230.526428223
404.691802979 234.530593872
---
177.107910156 18.5671024323
95.5321960449 32.7717514038
210.708587646 22.6597003937
131.021591187 35.5377655029
242.711654663 26.7278461456
165.12097168 38.476776123
272.621124268 30.6539096832
197.396881104 41.3248596191
301.289886475 34.460773468
227.955062866 43.7565841675
327.677246094 38.0429649353
256.795440674 46.5251541138
353.397521973 41.4739952087
284.321777344 48.8340415955
377.537597656 44.4848709106
310.574310303 51.4933624268
400.614105225 47.4899559021
335.509765625 53.5170860291
422.417755127 50.4748001099
359.309692383 55.5766906738
175.508712769 55.4401626587
96.5253753662 68.2502670288
208.582244873 58.5356559753
131.45111084 69.748626709
239.969802856 61.5337295532
164.693634033 71.5032196045
269.552520752 63.6818161011
196.619659424 73.5573425293
297.485198975 66.526260376
226.579376221 75.5191192627
323.798248291 69.3641662598
255.197128296 77.4689102173
348.696258545 71.4898910522
282.081939697 79.2167053223
372.654571533 73.5844116211
307.851318359 80.5202484131
395.393096924 76.0933990479
332.435852051 82.4360046387
416.808776855 78.3069076538
355.903015137 83.5186309814
174.21232605 89.5217514038
97.5982589722 102.431686401
206.575454712 91.5480728149
131.959381104 103.482902527
237.486022949 93.5277099609
164.787536621 104.480705261
266.567687988 95.5194320679
196.135452271 105.507804871
294.10647583 97.5235595703
225.564651489 106.584632874
319.766662598 99.5277709961
253.541366577 107.465332031
344.521240234 100.911384583
280.049285889 108.430740356
367.945129395 102.473449707
305.394256592 109.400947571
390.409088135 104.035484314
329.614685059 110.212997437
411.555969238 105.498085022
352.528747559 110.838829041
172.947677612 123.529022217
98.9634552002 134.786956787
204.763046265 124.524177551
132.662658691 135.280181885
235.026489258 125.509147644
165.180282593 135.480285645
263.63470459 126.54499054
195.61668396 135.538101196
290.576599121 127.485328674
224.594955444 135.759765625
316.236480713 128.442703247
252.138244629 136.411819458
340.272796631 128.974639893
278.247467041 136.486801147
363.511077881 129.601745605
303.302032471 136.522384644
385.51159668 130.498840332
326.835632324 136.596206665
406.440734863 131.44078064
349.525543213 136.682113647
172.212036133 154.698425293
100.364700317 166.487792969
203.420043945 155.155715942
133.479766846 165.756607056
232.995788574 155.527984619
165.325073242 165.427566528
261.148773193 155.54473877
195.316452026 164.584396362
287.51461792 155.798431396
223.643081665 164.527114868
312.482879639 156.204803467
250.509765625 163.788131714
336.481262207 156.380630493
276.40512085 163.494003296
359.287231445 156.535385132
300.732147217 162.863586426
381.08203125 156.499862671
324.394561768 162.458404541
401.570709229 156.53288269
346.4296875 162.155700684
171.182983398 185.545333862
101.595123291 196.479400635
201.593063354 185.40536499
134.223419189 195.363143921
230.775192261 184.502655029
165.377197266 193.547363281
258.413635254 184.093856812
194.648986816 192.536437988
284.408538818 183.540496826
222.598419189 191.485031128
309.116333008 183.37197876
249.303314209 190.466201782
332.458770752 182.51473999
274.458007812 189.54536438
355.261688232 182.282058716
298.600524902 188.514190674
376.683929443 181.580383301
321.751037598 187.576721191
397.266387939 181.457138062
343.768249512 186.711883545
169.972824097 214.965240479
102.788864136 226.350570679
200.082733154 213.498184204
134.654174805 223.799301147
228.56791687 212.419143677
165.385559082 221.554946899
255.692489624 210.602478027
194.364837646 219.633270264
281.406341553 209.532119751
221.57093811 218.207824707
305.605194092 208.519927979
247.624237061 216.515335083
328.729156494 207.510925293
272.5390625 214.495361328
350.933746338 206.516418457
296.456756592 212.979492188
372.376312256 205.459899902
319.27520752 211.485244751
392.628479004 204.519577026
340.905914307 210.281494141
